2 3 0 0 0
Block 1 280 150 30 12 1
Block 1 340 150 30 12 1
Block 1 400 150 30 12 2
Block 1 460 150 30 12 1
Block 1 520 150 30 12 1
Block 1 280 162 30 12 1
Block 1 340 162 30 12 1
Block 1 400 162 30 12 2
Block 1 460 162 30 12 1
Block 1 520 162 30 12 1
Block 1 280 174 30 12 1
Block 1 340 174 30 12 1
Block 1 400 174 30 12 2
Block 1 460 174 30 12 1
Block 1 520 174 30 12 1
Block 1 280 186 30 12 1
Block 1 340 186 30 12 1
Block 1 400 186 30 12 2
Block 1 460 186 30 12 1
Block 1 520 186 30 12 1
Block 1 280 198 30 12 1
Block 1 340 198 30 12 1
Block 1 400 198 30 12 2
Block 1 460 198 30 12 1
Block 1 520 198 30 12 1
Block 1 280 210 30 12 1
Block 1 340 210 30 12 1
Block 1 400 210 30 12 2
Block 1 460 210 30 12 1
Block 1 520 210 30 12 1
Block 1 280 222 30 12 0
Block 1 310 222 30 12 0
Block 1 340 222 30 12 0
Block 1 370 222 30 12 0
Block 1 400 222 30 12 0
Block 1 430 222 30 12 0
Block 1 460 222 30 12 0
Block 1 490 222 30 12 0
Block 1 520 222 30 12 0
Block 1 280 234 30 12 0
Block 1 310 234 30 12 0
Block 1 340 234 30 12 0
Block 1 370 234 30 12 0
Block 1 400 234 30 12 0
Block 1 430 234 30 12 0
Block 1 460 234 30 12 0
Block 1 490 234 30 12 0
Block 1 520 234 30 12 0
Block 1 280 246 30 12 0
Block 1 310 246 30 12 0
Block 1 340 246 30 12 0
Block 1 370 246 30 12 0
Block 1 400 246 30 12 0
Block 1 430 246 30 12 0
Block 1 460 246 30 12 0
Block 1 490 246 30 12 0
Block 1 520 246 30 12 0
DeadZone 0 400 484.5 420 10
Paddle 2 400 472.5 60 12 360 1
Wall 4 400 52.5 360 15
Wall 3 572.5 270 15 420
Wall 3 227.5 270 15 420
Ball 0 406 461.25 5.25 0 1 300
