1 3 0 0 0
Block 1 250 114 30 12 4
Block 1 280 114 30 12 4
Block 1 310 114 30 12 4
Block 1 340 114 30 12 4
Block 1 370 114 30 12 4
Block 1 430 114 30 12 4
Block 1 460 114 30 12 4
Block 1 490 114 30 12 4
Block 1 520 114 30 12 4
Block 1 550 114 30 12 4
Block 1 250 126 30 12 0
Block 1 280 126 30 12 0
Block 1 310 126 30 12 0
Block 1 340 126 30 12 0
Block 1 460 126 30 12 0
Block 1 490 126 30 12 0
Block 1 520 126 30 12 0
Block 1 550 126 30 12 0
Block 1 250 138 30 12 1
Block 1 280 138 30 12 1
Block 1 310 138 30 12 1
Block 1 490 138 30 12 1
Block 1 520 138 30 12 1
Block 1 550 138 30 12 1
Block 1 250 150 30 12 2
Block 1 280 150 30 12 2
Block 1 520 150 30 12 2
Block 1 550 150 30 12 2
Block 1 250 162 30 12 3
Block 1 550 162 30 12 3
Block 1 250 186 30 12 3
Block 1 550 186 30 12 3
Block 1 250 198 30 12 2
Block 1 280 198 30 12 2
Block 1 520 198 30 12 2
Block 1 550 198 30 12 2
Block 1 250 210 30 12 1
Block 1 280 210 30 12 1
Block 1 310 210 30 12 1
Block 1 490 210 30 12 1
Block 1 520 210 30 12 1
Block 1 550 210 30 12 1
Block 1 250 222 30 12 0
Block 1 280 222 30 12 0
Block 1 310 222 30 12 0
Block 1 340 222 30 12 0
Block 1 460 222 30 12 0
Block 1 490 222 30 12 0
Block 1 520 222 30 12 0
Block 1 550 222 30 12 0
DeadZone 0 400 484.5 420 10
Paddle 2 400 472.5 60 12 360 1
Wall 4 400 52.5 360 15
Wall 3 572.5 270 15 420
Wall 3 227.5 270 15 420
Ball 0 406 461.25 5.25 0 1 300